23210540 590290683310
23035920 597139072221
23055604 615679457503
22726993 603793738897
22118086 580971049889
21725843 572734925377
22388120 576549573728
23802205 613511008019
24845775 645824212684
25939652 673669247275
26134627 680264646298
26715540 688932244872
28582399 738622057044
31012010 794639925719
32326579 821679368336
32894981 845405861806
31998936 811601059320
31314477 788140224996
30454466 770826136305
30482344 762407128082
31047007 767663114206
30473694 752622764440
27408023 675230985553
24077186 607529879930
